%YAML 1.0
---
K: !!opencv-matrix
   rows: 3
   cols: 3
   dt: d
   data: [ 1.5392625928567616e+03, 0., 1.0368496774327198e+03, 0.,
       1.5396601167766560e+03, 1.5728659208182914e+03, 0., 0., 1. ]
R: !!opencv-matrix
   rows: 3
   cols: 1
   dt: d
   data: [ 2.6189290945954357e-02, -5.5331752454872749e-02,
       -1.2048098191361701e-02 ]
T: !!opencv-matrix
   rows: 3
   cols: 1
   dt: d
   data: [ -1.5796518062629719e-01, 2.0564861475370146e+00,
       3.2038382002887049e+00 ]
